{
 "cells": [
  {
   "cell_type": "code",
   "execution_count": 41,
   "id": "9fa562ee-5656-4f4c-9762-54c6fa3c0176",
   "metadata": {},
   "outputs": [
    {
     "data": {
      "text/html": [
       "\n",
       "            <div>\n",
       "                <p><b>SparkSession - in-memory</b></p>\n",
       "                \n",
       "        <div>\n",
       "            <p><b>SparkContext</b></p>\n",
       "\n",
       "            <p><a href=\"http://64689a14753a:4041\">Spark UI</a></p>\n",
       "\n",
       "            <dl>\n",
       "              <dt>Version</dt>\n",
       "                <dd><code>v3.5.0</code></dd>\n",
       "              <dt>Master</dt>\n",
       "                <dd><code>local[*]</code></dd>\n",
       "              <dt>AppName</dt>\n",
       "                <dd><code>Ejemplo de Spark</code></dd>\n",
       "            </dl>\n",
       "        </div>\n",
       "        \n",
       "            </div>\n",
       "        "
      ],
      "text/plain": [
       "<pyspark.sql.session.SparkSession at 0x7f533c4ffb50>"
      ]
     },
     "execution_count": 41,
     "metadata": {},
     "output_type": "execute_result"
    }
   ],
   "source": [
    "import pyspark\n",
    "\n",
    "from pyspark.sql import DataFrame, SparkSession\n",
    "from typing import List\n",
    "import pyspark.sql.types as T\n",
    "import pyspark.sql.functions as F\n",
    "from pyspark.sql.window import Window\n",
    "\n",
    "spark = SparkSession \\\n",
    "        .builder \\\n",
    "        .appName(\"Ejemplo de Spark\") \\\n",
    "        .getOrCreate()\n",
    "\n",
    "spark"
   ]
  },
  {
   "cell_type": "code",
   "execution_count": 42,
   "id": "68e6d225-3737-47e3-8b5a-bb81b1bef0a2",
   "metadata": {},
   "outputs": [
    {
     "name": "stdout",
     "output_type": "stream",
     "text": [
      "+------+----------+--------+---------+------+------------+--------+--------+--------+--------+\n",
      "|   _c0|       _c1|     _c2|      _c3|   _c4|         _c5|     _c6|     _c7|     _c8|     _c9|\n",
      "+------+----------+--------+---------+------+------------+--------+--------+--------+--------+\n",
      "|Ticker|      Date|   Close|Reference|Volume|    Turnover|    Last|    High|     Low| Average|\n",
      "|  AENA|02/01/2019|137.0000| 135.7500|143458| 19591073.50|137.0000|138.0000|133.9500|136.5631|\n",
      "|  AENA|03/01/2019|137.0500| 137.0000|461151| 63059756.45|137.0500|139.1500|136.4000|137.4490|\n",
      "|  AENA|04/01/2019|140.5000| 137.0500|110214| 15444845.65|140.5000|140.9500|137.7000|140.1351|\n",
      "|  AENA|07/01/2019|139.1500| 140.5000| 92663| 12908476.55|139.1500|141.1000|138.2000|139.3056|\n",
      "|  AENA|08/01/2019|140.0000| 139.1500|179857| 25206724.88|140.0000|141.0500|138.8000|140.1306|\n",
      "|  AENA|09/01/2019|138.5000| 140.0000|163959| 22859110.75|138.5000|141.6500|138.3500|138.8855|\n",
      "|  AENA|10/01/2019|139.2500| 138.5000|181664| 25208702.51|139.2500|139.5000|137.5500|138.8824|\n",
      "|  AENA|11/01/2019|139.4500| 139.2500|710391| 99120299.80|139.4500|139.9000|138.6500|139.3964|\n",
      "|  AENA|14/01/2019|138.5000| 139.4500|117354| 16271021.15|138.5000|140.3500|138.3000|138.6491|\n",
      "|  AENA|15/01/2019|138.9500| 138.5000|162627| 22603250.85|138.9500|140.2000|137.2000|138.7316|\n",
      "|  AENA|16/01/2019|142.5000| 138.9500|172835| 24533145.35|142.5000|143.2000|139.7000|141.9455|\n",
      "|  AENA|17/01/2019|141.3500| 142.5000|122321| 17286044.05|141.3500|141.8500|140.6000|141.3171|\n",
      "|  AENA|18/01/2019|142.9000| 141.3500|241296| 34361646.68|142.9000|143.1000|141.7500|142.5277|\n",
      "|  AENA|21/01/2019|144.7500| 142.9000|152491| 22040650.95|144.7500|146.4500|143.5500|144.9543|\n",
      "|  AENA|22/01/2019|147.0500| 144.7500|790832|115048699.55|147.0500|147.1500|144.5000|146.4991|\n",
      "|  AENA|23/01/2019|148.7500| 147.0500|182532| 27165238.65|148.7500|149.7500|145.9000|148.8158|\n",
      "|  AENA|24/01/2019|150.6000| 148.7500|242387| 36383535.92|150.6000|150.7500|148.4000|150.1997|\n",
      "|  AENA|25/01/2019|150.3000| 150.6000|202950| 30554547.10|150.3000|153.9500|148.8000|150.4125|\n",
      "|  AENA|28/01/2019|147.4000| 150.3000|154353| 22791608.85|147.4000|150.4000|146.5500|147.6590|\n",
      "+------+----------+--------+---------+------+------------+--------+--------+--------+--------+\n",
      "only showing top 20 rows\n",
      "\n"
     ]
    }
   ],
   "source": [
    "df = spark.read.csv(\"../data/IBEX35\")\n",
    "df.show()\n",
    "\n",
    "# Does not read headers"
   ]
  },
  {
   "cell_type": "code",
   "execution_count": 49,
   "id": "7a5f718d-cfff-4419-98d5-2ee30b384176",
   "metadata": {},
   "outputs": [
    {
     "name": "stdout",
     "output_type": "stream",
     "text": [
      "+------+----------+--------+---------+------+------------+--------+--------+--------+--------+\n",
      "|Ticker|      Date|   Close|Reference|Volume|    Turnover|    Last|    High|     Low| Average|\n",
      "+------+----------+--------+---------+------+------------+--------+--------+--------+--------+\n",
      "|  AENA|02/01/2019|137.0000| 135.7500|143458| 19591073.50|137.0000|138.0000|133.9500|136.5631|\n",
      "|  AENA|03/01/2019|137.0500| 137.0000|461151| 63059756.45|137.0500|139.1500|136.4000|137.4490|\n",
      "|  AENA|04/01/2019|140.5000| 137.0500|110214| 15444845.65|140.5000|140.9500|137.7000|140.1351|\n",
      "|  AENA|07/01/2019|139.1500| 140.5000| 92663| 12908476.55|139.1500|141.1000|138.2000|139.3056|\n",
      "|  AENA|08/01/2019|140.0000| 139.1500|179857| 25206724.88|140.0000|141.0500|138.8000|140.1306|\n",
      "|  AENA|09/01/2019|138.5000| 140.0000|163959| 22859110.75|138.5000|141.6500|138.3500|138.8855|\n",
      "|  AENA|10/01/2019|139.2500| 138.5000|181664| 25208702.51|139.2500|139.5000|137.5500|138.8824|\n",
      "|  AENA|11/01/2019|139.4500| 139.2500|710391| 99120299.80|139.4500|139.9000|138.6500|139.3964|\n",
      "|  AENA|14/01/2019|138.5000| 139.4500|117354| 16271021.15|138.5000|140.3500|138.3000|138.6491|\n",
      "|  AENA|15/01/2019|138.9500| 138.5000|162627| 22603250.85|138.9500|140.2000|137.2000|138.7316|\n",
      "|  AENA|16/01/2019|142.5000| 138.9500|172835| 24533145.35|142.5000|143.2000|139.7000|141.9455|\n",
      "|  AENA|17/01/2019|141.3500| 142.5000|122321| 17286044.05|141.3500|141.8500|140.6000|141.3171|\n",
      "|  AENA|18/01/2019|142.9000| 141.3500|241296| 34361646.68|142.9000|143.1000|141.7500|142.5277|\n",
      "|  AENA|21/01/2019|144.7500| 142.9000|152491| 22040650.95|144.7500|146.4500|143.5500|144.9543|\n",
      "|  AENA|22/01/2019|147.0500| 144.7500|790832|115048699.55|147.0500|147.1500|144.5000|146.4991|\n",
      "|  AENA|23/01/2019|148.7500| 147.0500|182532| 27165238.65|148.7500|149.7500|145.9000|148.8158|\n",
      "|  AENA|24/01/2019|150.6000| 148.7500|242387| 36383535.92|150.6000|150.7500|148.4000|150.1997|\n",
      "|  AENA|25/01/2019|150.3000| 150.6000|202950| 30554547.10|150.3000|153.9500|148.8000|150.4125|\n",
      "|  AENA|28/01/2019|147.4000| 150.3000|154353| 22791608.85|147.4000|150.4000|146.5500|147.6590|\n",
      "|  AENA|29/01/2019|147.7500| 147.4000|156812| 23219712.15|147.7500|149.3500|147.4500|148.0736|\n",
      "+------+----------+--------+---------+------+------------+--------+--------+--------+--------+\n",
      "only showing top 20 rows\n",
      "\n"
     ]
    }
   ],
   "source": [
    "df = spark.read.option(\"header\", \"true\").csv(\"../data/IBEX35\")\n",
    "df.show()"
   ]
  },
  {
   "cell_type": "code",
   "execution_count": 4,
   "id": "4d6837ec-0731-436b-b1f9-821a012889df",
   "metadata": {},
   "outputs": [
    {
     "name": "stdout",
     "output_type": "stream",
     "text": [
      "The number of tickers is 8575\n",
      "The data colums are ['Ticker', 'Date', 'Close', 'Reference', 'Volume', 'Turnover', 'Last', 'High', 'Low', 'Average']\n"
     ]
    }
   ],
   "source": [
    "print(f\"The number of tickers is {df.count()}\")\n",
    "print(f\"The data colums are {df.columns}\")"
   ]
  },
  {
   "cell_type": "code",
   "execution_count": 5,
   "id": "fa7f4002",
   "metadata": {},
   "outputs": [
    {
     "name": "stdout",
     "output_type": "stream",
     "text": [
      "+------+----------+--------+---------+------+------------+--------+--------+--------+--------+-------------+\n",
      "|Ticker|      Date|   Close|Reference|Volume|    Turnover|    Last|    High|     Low| Average|Aumento_valor|\n",
      "+------+----------+--------+---------+------+------------+--------+--------+--------+--------+-------------+\n",
      "|  AENA|02/01/2019|137.0000| 135.7500|143458| 19591073.50|137.0000|138.0000|133.9500|136.5631|         true|\n",
      "|  AENA|03/01/2019|137.0500| 137.0000|461151| 63059756.45|137.0500|139.1500|136.4000|137.4490|         true|\n",
      "|  AENA|04/01/2019|140.5000| 137.0500|110214| 15444845.65|140.5000|140.9500|137.7000|140.1351|         true|\n",
      "|  AENA|07/01/2019|139.1500| 140.5000| 92663| 12908476.55|139.1500|141.1000|138.2000|139.3056|        false|\n",
      "|  AENA|08/01/2019|140.0000| 139.1500|179857| 25206724.88|140.0000|141.0500|138.8000|140.1306|         true|\n",
      "|  AENA|09/01/2019|138.5000| 140.0000|163959| 22859110.75|138.5000|141.6500|138.3500|138.8855|        false|\n",
      "|  AENA|10/01/2019|139.2500| 138.5000|181664| 25208702.51|139.2500|139.5000|137.5500|138.8824|         true|\n",
      "|  AENA|11/01/2019|139.4500| 139.2500|710391| 99120299.80|139.4500|139.9000|138.6500|139.3964|         true|\n",
      "|  AENA|14/01/2019|138.5000| 139.4500|117354| 16271021.15|138.5000|140.3500|138.3000|138.6491|        false|\n",
      "|  AENA|15/01/2019|138.9500| 138.5000|162627| 22603250.85|138.9500|140.2000|137.2000|138.7316|         true|\n",
      "|  AENA|16/01/2019|142.5000| 138.9500|172835| 24533145.35|142.5000|143.2000|139.7000|141.9455|         true|\n",
      "|  AENA|17/01/2019|141.3500| 142.5000|122321| 17286044.05|141.3500|141.8500|140.6000|141.3171|        false|\n",
      "|  AENA|18/01/2019|142.9000| 141.3500|241296| 34361646.68|142.9000|143.1000|141.7500|142.5277|         true|\n",
      "|  AENA|21/01/2019|144.7500| 142.9000|152491| 22040650.95|144.7500|146.4500|143.5500|144.9543|         true|\n",
      "|  AENA|22/01/2019|147.0500| 144.7500|790832|115048699.55|147.0500|147.1500|144.5000|146.4991|         true|\n",
      "|  AENA|23/01/2019|148.7500| 147.0500|182532| 27165238.65|148.7500|149.7500|145.9000|148.8158|         true|\n",
      "|  AENA|24/01/2019|150.6000| 148.7500|242387| 36383535.92|150.6000|150.7500|148.4000|150.1997|         true|\n",
      "|  AENA|25/01/2019|150.3000| 150.6000|202950| 30554547.10|150.3000|153.9500|148.8000|150.4125|        false|\n",
      "|  AENA|28/01/2019|147.4000| 150.3000|154353| 22791608.85|147.4000|150.4000|146.5500|147.6590|        false|\n",
      "|  AENA|29/01/2019|147.7500| 147.4000|156812| 23219712.15|147.7500|149.3500|147.4500|148.0736|         true|\n",
      "+------+----------+--------+---------+------+------------+--------+--------+--------+--------+-------------+\n",
      "only showing top 20 rows\n",
      "\n"
     ]
    }
   ],
   "source": [
    "df = df.withColumn(\"Aumento_valor\", df.Close > df.Reference)\n",
    "df.show()"
   ]
  },
  {
   "cell_type": "code",
   "execution_count": 6,
   "id": "19d9a28f",
   "metadata": {},
   "outputs": [
    {
     "name": "stdout",
     "output_type": "stream",
     "text": [
      "+------+----------+-------+---------+--------+------------+-------+-------+-------+-------+-------------+\n",
      "|Ticker|      Date|  Close|Reference|  Volume|    Turnover|   Last|   High|    Low|Average|Aumento_valor|\n",
      "+------+----------+-------+---------+--------+------------+-------+-------+-------+-------+-------------+\n",
      "|   REP|02/01/2019|14.2350|  14.0800|10003999|140210096.55|14.2350|14.3100|13.7850|14.0805|         true|\n",
      "|   REP|03/01/2019|14.2550|  14.2350|12814838|180613397.06|14.2550|14.3800|14.0250|14.2255|         true|\n",
      "|   REP|04/01/2019|14.5950|  14.2550| 7089672|103139023.91|14.5950|14.7050|14.3600|14.5892|         true|\n",
      "|   REP|07/01/2019|14.4750|  14.5950| 4409347| 63898025.48|14.4750|14.6950|14.3300|14.4915|        false|\n",
      "|   REP|08/01/2019|14.4900|  14.4750|12227338|177321179.12|14.4900|14.7900|14.4400|14.5760|         true|\n",
      "+------+----------+-------+---------+--------+------------+-------+-------+-------+-------+-------------+\n",
      "only showing top 5 rows\n",
      "\n",
      "+------+----------+-------+---------+--------+------------+-------+-------+-------+-------+-------------+\n",
      "|Ticker|      Date|  Close|Reference|  Volume|    Turnover|   Last|   High|    Low|Average|Aumento_valor|\n",
      "+------+----------+-------+---------+--------+------------+-------+-------+-------+-------+-------------+\n",
      "|   REP|02/01/2019|14.2350|  14.0800|10003999|140210096.55|14.2350|14.3100|13.7850|14.0805|         true|\n",
      "|   REP|03/01/2019|14.2550|  14.2350|12814838|180613397.06|14.2550|14.3800|14.0250|14.2255|         true|\n",
      "|   REP|04/01/2019|14.5950|  14.2550| 7089672|103139023.91|14.5950|14.7050|14.3600|14.5892|         true|\n",
      "|   REP|08/01/2019|14.4900|  14.4750|12227338|177321179.12|14.4900|14.7900|14.4400|14.5760|         true|\n",
      "|   REP|09/01/2019|14.6950|  14.4900|11410241|166077803.01|14.6950|14.7450|14.4550|14.6345|         true|\n",
      "+------+----------+-------+---------+--------+------------+-------+-------+-------+-------+-------------+\n",
      "only showing top 5 rows\n",
      "\n"
     ]
    }
   ],
   "source": [
    "df.filter(df.Ticker == \"REP\").show(5)\n",
    "\n",
    "df.filter((df.Ticker == \"REP\") & (df.Aumento_valor == \"true\")).show(5)\n"
   ]
  },
  {
   "cell_type": "code",
   "execution_count": 16,
   "id": "5cec1de2",
   "metadata": {},
   "outputs": [
    {
     "name": "stdout",
     "output_type": "stream",
     "text": [
      "+------+----------+------+---------+------+----------+------+------+------+-------+-------------+\n",
      "|Ticker|      Date| Close|Reference|Volume|  Turnover|  Last|  High|   Low|Average|Aumento_valor|\n",
      "+------+----------+------+---------+------+----------+------+------+------+-------+-------------+\n",
      "|   IDR|02/01/2019|8.1250|   8.2350|554146|4504780.53|8.1250|8.2100|8.0000| 8.1292|        false|\n",
      "|   IDR|03/01/2019|8.0000|   8.1250|518359|4154868.74|8.0000|8.1350|7.9200| 8.0154|        false|\n",
      "|   IDR|04/01/2019|8.2050|   8.0000|539367|4389231.91|8.2050|8.2400|8.0400| 8.1377|         true|\n",
      "|   IDR|07/01/2019|8.0500|   8.2050|776378|6226567.10|8.0500|8.2250|7.8900| 8.0200|        false|\n",
      "|   IDR|08/01/2019|8.1850|   8.0500|547992|4480941.25|8.1850|8.2650|8.0550| 8.1770|         true|\n",
      "|   IDR|09/01/2019|8.5800|   8.1850|882949|7544821.85|8.5800|8.7000|8.2500| 8.5442|         true|\n",
      "|   IDR|10/01/2019|8.5350|   8.5800|351675|3001337.82|8.5350|8.5900|8.4800| 8.5344|        false|\n",
      "|   IDR|11/01/2019|8.4800|   8.5350|318789|2707001.85|8.4800|8.5850|8.4250| 8.4915|        false|\n",
      "|   IDR|14/01/2019|8.2950|   8.4800|412988|3434630.64|8.2950|8.5000|8.2450| 8.3229|        false|\n",
      "|   IDR|15/01/2019|8.3100|   8.2950|311297|2586252.42|8.3100|8.4200|8.2500| 8.3080|         true|\n",
      "|   IDR|16/01/2019|8.5000|   8.3100|415956|3534841.94|8.5000|8.5700|8.3600| 8.4951|         true|\n",
      "|   IDR|17/01/2019|8.5750|   8.5000|312950|2683403.19|8.5750|8.6800|8.4200| 8.5745|         true|\n",
      "|   IDR|18/01/2019|8.7800|   8.5750|461989|4030830.84|8.7800|8.7900|8.6150| 8.7249|         true|\n",
      "|   IDR|21/01/2019|8.8050|   8.7800|259179|2274940.12|8.8050|8.8100|8.7150| 8.7775|         true|\n",
      "|   IDR|22/01/2019|8.7650|   8.8050|288035|2524823.27|8.7650|8.8350|8.7200| 8.7657|        false|\n",
      "|   IDR|23/01/2019|8.8900|   8.7650|352629|3141163.04|8.8900|9.0050|8.6800| 8.9078|         true|\n",
      "|   IDR|24/01/2019|9.0000|   8.8900|403375|3614762.78|9.0000|9.0550|8.8550| 8.9659|         true|\n",
      "|   IDR|25/01/2019|9.1200|   9.0000|524044|4775069.58|9.1200|9.1700|9.0150| 9.1108|         true|\n",
      "|   IDR|28/01/2019|9.0600|   9.1200|352980|3215154.93|9.0600|9.2500|9.0000| 9.1086|        false|\n",
      "|   IDR|29/01/2019|9.0300|   9.0600|397114|3603341.65|9.0300|9.2100|8.9600| 9.0738|        false|\n",
      "+------+----------+------+---------+------+----------+------+------+------+-------+-------------+\n",
      "only showing top 20 rows\n",
      "\n",
      "132\n",
      "245\n",
      "+------+\n",
      "|Ticker|\n",
      "+------+\n",
      "|  AENA|\n",
      "|  SGRE|\n",
      "|  NTGY|\n",
      "|  CLNX|\n",
      "|   ITX|\n",
      "|   REP|\n",
      "|   ELE|\n",
      "|   REE|\n",
      "|   FER|\n",
      "|   ACS|\n",
      "|   ENG|\n",
      "|   AMS|\n",
      "|   MTS|\n",
      "|   GRF|\n",
      "|   MRL|\n",
      "|   TRE|\n",
      "|   ANA|\n",
      "|   CIE|\n",
      "|   VIS|\n",
      "|  BBVA|\n",
      "+------+\n",
      "only showing top 20 rows\n",
      "\n"
     ]
    }
   ],
   "source": [
    "df.filter(df.Ticker == \"IDR\").show()\n",
    "print(df.filter((df.Ticker == \"IDR\") & (df.Volume > 500000)).count())\n",
    "print(df.filter(df.Ticker == \"IDR\").count())\n",
    "df.select(\"Ticker\").distinct().show()\n",
    "# df.filter((df.Ticker == \"IDR\") & (df.Volume > 500000)).show(42)\n"
   ]
  },
  {
   "cell_type": "code",
   "execution_count": 17,
   "id": "06159f2c-19bf-452f-bd23-c4072bfd21f4",
   "metadata": {},
   "outputs": [
    {
     "name": "stdout",
     "output_type": "stream",
     "text": [
      "+------+----------+--------+---------+------+------------+--------+--------+--------+--------+-------------+\n",
      "|Ticker|      Date|   Close|Reference|Volume|    Turnover|    Last|    High|     Low| Average|Aumento_valor|\n",
      "+------+----------+--------+---------+------+------------+--------+--------+--------+--------+-------------+\n",
      "|  AENA|02/01/2019|137.0000| 135.7500|143458| 19591073.50|137.0000|138.0000|133.9500|136.5631|         true|\n",
      "|  AENA|03/01/2019|137.0500| 137.0000|461151| 63059756.45|137.0500|139.1500|136.4000|137.4490|         true|\n",
      "|  AENA|04/01/2019|140.5000| 137.0500|110214| 15444845.65|140.5000|140.9500|137.7000|140.1351|         true|\n",
      "|  AENA|07/01/2019|139.1500| 140.5000| 92663| 12908476.55|139.1500|141.1000|138.2000|139.3056|        false|\n",
      "|  AENA|08/01/2019|140.0000| 139.1500|179857| 25206724.88|140.0000|141.0500|138.8000|140.1306|         true|\n",
      "|  AENA|09/01/2019|138.5000| 140.0000|163959| 22859110.75|138.5000|141.6500|138.3500|138.8855|        false|\n",
      "|  AENA|10/01/2019|139.2500| 138.5000|181664| 25208702.51|139.2500|139.5000|137.5500|138.8824|         true|\n",
      "|  AENA|11/01/2019|139.4500| 139.2500|710391| 99120299.80|139.4500|139.9000|138.6500|139.3964|         true|\n",
      "|  AENA|14/01/2019|138.5000| 139.4500|117354| 16271021.15|138.5000|140.3500|138.3000|138.6491|        false|\n",
      "|  AENA|15/01/2019|138.9500| 138.5000|162627| 22603250.85|138.9500|140.2000|137.2000|138.7316|         true|\n",
      "|  AENA|16/01/2019|142.5000| 138.9500|172835| 24533145.35|142.5000|143.2000|139.7000|141.9455|         true|\n",
      "|  AENA|17/01/2019|141.3500| 142.5000|122321| 17286044.05|141.3500|141.8500|140.6000|141.3171|        false|\n",
      "|  AENA|18/01/2019|142.9000| 141.3500|241296| 34361646.68|142.9000|143.1000|141.7500|142.5277|         true|\n",
      "|  AENA|21/01/2019|144.7500| 142.9000|152491| 22040650.95|144.7500|146.4500|143.5500|144.9543|         true|\n",
      "|  AENA|22/01/2019|147.0500| 144.7500|790832|115048699.55|147.0500|147.1500|144.5000|146.4991|         true|\n",
      "|  AENA|23/01/2019|148.7500| 147.0500|182532| 27165238.65|148.7500|149.7500|145.9000|148.8158|         true|\n",
      "|  AENA|24/01/2019|150.6000| 148.7500|242387| 36383535.92|150.6000|150.7500|148.4000|150.1997|         true|\n",
      "|  AENA|25/01/2019|150.3000| 150.6000|202950| 30554547.10|150.3000|153.9500|148.8000|150.4125|        false|\n",
      "|  AENA|28/01/2019|147.4000| 150.3000|154353| 22791608.85|147.4000|150.4000|146.5500|147.6590|        false|\n",
      "|  AENA|29/01/2019|147.7500| 147.4000|156812| 23219712.15|147.7500|149.3500|147.4500|148.0736|         true|\n",
      "+------+----------+--------+---------+------+------------+--------+--------+--------+--------+-------------+\n",
      "only showing top 20 rows\n",
      "\n"
     ]
    }
   ],
   "source": [
    "df.show()"
   ]
  },
  {
   "cell_type": "code",
   "execution_count": 7,
   "id": "e4c8f910-e384-47d0-ad23-43a4d7437c4c",
   "metadata": {},
   "outputs": [
    {
     "name": "stdout",
     "output_type": "stream",
     "text": [
      "+------+----------+--------+---------+------+------------+--------+--------+--------+--------+-------------+-----+\n",
      "|Ticker|      Date|   Close|Reference|Volume|    Turnover|    Last|    High|     Low| Average|Aumento_valor| Diff|\n",
      "+------+----------+--------+---------+------+------------+--------+--------+--------+--------+-------------+-----+\n",
      "|  AENA|02/01/2019|137.0000| 135.7500|143458| 19591073.50|137.0000|138.0000|133.9500|136.5631|         true| 1.25|\n",
      "|  AENA|03/01/2019|137.0500| 137.0000|461151| 63059756.45|137.0500|139.1500|136.4000|137.4490|         true| 0.05|\n",
      "|  AENA|04/01/2019|140.5000| 137.0500|110214| 15444845.65|140.5000|140.9500|137.7000|140.1351|         true| 3.45|\n",
      "|  AENA|07/01/2019|139.1500| 140.5000| 92663| 12908476.55|139.1500|141.1000|138.2000|139.3056|        false|-1.35|\n",
      "|  AENA|08/01/2019|140.0000| 139.1500|179857| 25206724.88|140.0000|141.0500|138.8000|140.1306|         true| 0.85|\n",
      "|  AENA|09/01/2019|138.5000| 140.0000|163959| 22859110.75|138.5000|141.6500|138.3500|138.8855|        false| -1.5|\n",
      "|  AENA|10/01/2019|139.2500| 138.5000|181664| 25208702.51|139.2500|139.5000|137.5500|138.8824|         true| 0.75|\n",
      "|  AENA|11/01/2019|139.4500| 139.2500|710391| 99120299.80|139.4500|139.9000|138.6500|139.3964|         true|  0.2|\n",
      "|  AENA|14/01/2019|138.5000| 139.4500|117354| 16271021.15|138.5000|140.3500|138.3000|138.6491|        false|-0.95|\n",
      "|  AENA|15/01/2019|138.9500| 138.5000|162627| 22603250.85|138.9500|140.2000|137.2000|138.7316|         true| 0.45|\n",
      "|  AENA|16/01/2019|142.5000| 138.9500|172835| 24533145.35|142.5000|143.2000|139.7000|141.9455|         true| 3.55|\n",
      "|  AENA|17/01/2019|141.3500| 142.5000|122321| 17286044.05|141.3500|141.8500|140.6000|141.3171|        false|-1.15|\n",
      "|  AENA|18/01/2019|142.9000| 141.3500|241296| 34361646.68|142.9000|143.1000|141.7500|142.5277|         true| 1.55|\n",
      "|  AENA|21/01/2019|144.7500| 142.9000|152491| 22040650.95|144.7500|146.4500|143.5500|144.9543|         true| 1.85|\n",
      "|  AENA|22/01/2019|147.0500| 144.7500|790832|115048699.55|147.0500|147.1500|144.5000|146.4991|         true|  2.3|\n",
      "|  AENA|23/01/2019|148.7500| 147.0500|182532| 27165238.65|148.7500|149.7500|145.9000|148.8158|         true|  1.7|\n",
      "|  AENA|24/01/2019|150.6000| 148.7500|242387| 36383535.92|150.6000|150.7500|148.4000|150.1997|         true| 1.85|\n",
      "|  AENA|25/01/2019|150.3000| 150.6000|202950| 30554547.10|150.3000|153.9500|148.8000|150.4125|        false| -0.3|\n",
      "|  AENA|28/01/2019|147.4000| 150.3000|154353| 22791608.85|147.4000|150.4000|146.5500|147.6590|        false| -2.9|\n",
      "|  AENA|29/01/2019|147.7500| 147.4000|156812| 23219712.15|147.7500|149.3500|147.4500|148.0736|         true| 0.35|\n",
      "+------+----------+--------+---------+------+------------+--------+--------+--------+--------+-------------+-----+\n",
      "only showing top 20 rows\n",
      "\n"
     ]
    }
   ],
   "source": [
    "from pyspark.sql.functions import round, col\n",
    "\n",
    "df = df.withColumn(\"Diff\", round(col(\"Close\") - col(\"Reference\"), 2))\n",
    "df.show()"
   ]
  },
  {
   "cell_type": "code",
   "execution_count": 10,
   "id": "60df5842-218e-49d4-991c-3061b68fbcd1",
   "metadata": {},
   "outputs": [
    {
     "name": "stdout",
     "output_type": "stream",
     "text": [
      "root\n",
      " |-- Ticker: string (nullable = true)\n",
      " |-- Date: date (nullable = true)\n",
      " |-- Close: string (nullable = true)\n",
      " |-- Reference: string (nullable = true)\n",
      " |-- Volume: string (nullable = true)\n",
      " |-- Turnover: string (nullable = true)\n",
      " |-- Last: string (nullable = true)\n",
      " |-- High: string (nullable = true)\n",
      " |-- Low: string (nullable = true)\n",
      " |-- Average: string (nullable = true)\n",
      " |-- Aumento_valor: boolean (nullable = true)\n",
      " |-- Diff: double (nullable = true)\n",
      "\n",
      "+------+----------+--------+---------+------+------------+--------+--------+--------+--------+-------------+-----+\n",
      "|Ticker|      Date|   Close|Reference|Volume|    Turnover|    Last|    High|     Low| Average|Aumento_valor| Diff|\n",
      "+------+----------+--------+---------+------+------------+--------+--------+--------+--------+-------------+-----+\n",
      "|  AENA|2019-01-02|137.0000| 135.7500|143458| 19591073.50|137.0000|138.0000|133.9500|136.5631|         true| 1.25|\n",
      "|  AENA|2019-01-03|137.0500| 137.0000|461151| 63059756.45|137.0500|139.1500|136.4000|137.4490|         true| 0.05|\n",
      "|  AENA|2019-01-04|140.5000| 137.0500|110214| 15444845.65|140.5000|140.9500|137.7000|140.1351|         true| 3.45|\n",
      "|  AENA|2019-01-07|139.1500| 140.5000| 92663| 12908476.55|139.1500|141.1000|138.2000|139.3056|        false|-1.35|\n",
      "|  AENA|2019-01-08|140.0000| 139.1500|179857| 25206724.88|140.0000|141.0500|138.8000|140.1306|         true| 0.85|\n",
      "|  AENA|2019-01-09|138.5000| 140.0000|163959| 22859110.75|138.5000|141.6500|138.3500|138.8855|        false| -1.5|\n",
      "|  AENA|2019-01-10|139.2500| 138.5000|181664| 25208702.51|139.2500|139.5000|137.5500|138.8824|         true| 0.75|\n",
      "|  AENA|2019-01-11|139.4500| 139.2500|710391| 99120299.80|139.4500|139.9000|138.6500|139.3964|         true|  0.2|\n",
      "|  AENA|2019-01-14|138.5000| 139.4500|117354| 16271021.15|138.5000|140.3500|138.3000|138.6491|        false|-0.95|\n",
      "|  AENA|2019-01-15|138.9500| 138.5000|162627| 22603250.85|138.9500|140.2000|137.2000|138.7316|         true| 0.45|\n",
      "|  AENA|2019-01-16|142.5000| 138.9500|172835| 24533145.35|142.5000|143.2000|139.7000|141.9455|         true| 3.55|\n",
      "|  AENA|2019-01-17|141.3500| 142.5000|122321| 17286044.05|141.3500|141.8500|140.6000|141.3171|        false|-1.15|\n",
      "|  AENA|2019-01-18|142.9000| 141.3500|241296| 34361646.68|142.9000|143.1000|141.7500|142.5277|         true| 1.55|\n",
      "|  AENA|2019-01-21|144.7500| 142.9000|152491| 22040650.95|144.7500|146.4500|143.5500|144.9543|         true| 1.85|\n",
      "|  AENA|2019-01-22|147.0500| 144.7500|790832|115048699.55|147.0500|147.1500|144.5000|146.4991|         true|  2.3|\n",
      "|  AENA|2019-01-23|148.7500| 147.0500|182532| 27165238.65|148.7500|149.7500|145.9000|148.8158|         true|  1.7|\n",
      "|  AENA|2019-01-24|150.6000| 148.7500|242387| 36383535.92|150.6000|150.7500|148.4000|150.1997|         true| 1.85|\n",
      "|  AENA|2019-01-25|150.3000| 150.6000|202950| 30554547.10|150.3000|153.9500|148.8000|150.4125|        false| -0.3|\n",
      "|  AENA|2019-01-28|147.4000| 150.3000|154353| 22791608.85|147.4000|150.4000|146.5500|147.6590|        false| -2.9|\n",
      "|  AENA|2019-01-29|147.7500| 147.4000|156812| 23219712.15|147.7500|149.3500|147.4500|148.0736|         true| 0.35|\n",
      "+------+----------+--------+---------+------+------------+--------+--------+--------+--------+-------------+-----+\n",
      "only showing top 20 rows\n",
      "\n"
     ]
    }
   ],
   "source": [
    "df = df.withColumn(\"Date\", F.to_date(df[\"Date\"], 'dd/MM/yyyy'))\n",
    "df.printSchema()\n",
    "df.show()"
   ]
  },
  {
   "cell_type": "code",
   "execution_count": 11,
   "id": "27a16365-24fc-4518-adb1-7fb7a3ce2f92",
   "metadata": {},
   "outputs": [
    {
     "name": "stdout",
     "output_type": "stream",
     "text": [
      "+------+----------+--------+---------+------+------------+--------+--------+--------+--------+-------------+-----+-----+\n",
      "|Ticker|      Date|   Close|Reference|Volume|    Turnover|    Last|    High|     Low| Average|Aumento_valor| Diff|Month|\n",
      "+------+----------+--------+---------+------+------------+--------+--------+--------+--------+-------------+-----+-----+\n",
      "|  AENA|2019-01-02|137.0000| 135.7500|143458| 19591073.50|137.0000|138.0000|133.9500|136.5631|         true| 1.25|    1|\n",
      "|  AENA|2019-01-03|137.0500| 137.0000|461151| 63059756.45|137.0500|139.1500|136.4000|137.4490|         true| 0.05|    1|\n",
      "|  AENA|2019-01-04|140.5000| 137.0500|110214| 15444845.65|140.5000|140.9500|137.7000|140.1351|         true| 3.45|    1|\n",
      "|  AENA|2019-01-07|139.1500| 140.5000| 92663| 12908476.55|139.1500|141.1000|138.2000|139.3056|        false|-1.35|    1|\n",
      "|  AENA|2019-01-08|140.0000| 139.1500|179857| 25206724.88|140.0000|141.0500|138.8000|140.1306|         true| 0.85|    1|\n",
      "|  AENA|2019-01-09|138.5000| 140.0000|163959| 22859110.75|138.5000|141.6500|138.3500|138.8855|        false| -1.5|    1|\n",
      "|  AENA|2019-01-10|139.2500| 138.5000|181664| 25208702.51|139.2500|139.5000|137.5500|138.8824|         true| 0.75|    1|\n",
      "|  AENA|2019-01-11|139.4500| 139.2500|710391| 99120299.80|139.4500|139.9000|138.6500|139.3964|         true|  0.2|    1|\n",
      "|  AENA|2019-01-14|138.5000| 139.4500|117354| 16271021.15|138.5000|140.3500|138.3000|138.6491|        false|-0.95|    1|\n",
      "|  AENA|2019-01-15|138.9500| 138.5000|162627| 22603250.85|138.9500|140.2000|137.2000|138.7316|         true| 0.45|    1|\n",
      "|  AENA|2019-01-16|142.5000| 138.9500|172835| 24533145.35|142.5000|143.2000|139.7000|141.9455|         true| 3.55|    1|\n",
      "|  AENA|2019-01-17|141.3500| 142.5000|122321| 17286044.05|141.3500|141.8500|140.6000|141.3171|        false|-1.15|    1|\n",
      "|  AENA|2019-01-18|142.9000| 141.3500|241296| 34361646.68|142.9000|143.1000|141.7500|142.5277|         true| 1.55|    1|\n",
      "|  AENA|2019-01-21|144.7500| 142.9000|152491| 22040650.95|144.7500|146.4500|143.5500|144.9543|         true| 1.85|    1|\n",
      "|  AENA|2019-01-22|147.0500| 144.7500|790832|115048699.55|147.0500|147.1500|144.5000|146.4991|         true|  2.3|    1|\n",
      "|  AENA|2019-01-23|148.7500| 147.0500|182532| 27165238.65|148.7500|149.7500|145.9000|148.8158|         true|  1.7|    1|\n",
      "|  AENA|2019-01-24|150.6000| 148.7500|242387| 36383535.92|150.6000|150.7500|148.4000|150.1997|         true| 1.85|    1|\n",
      "|  AENA|2019-01-25|150.3000| 150.6000|202950| 30554547.10|150.3000|153.9500|148.8000|150.4125|        false| -0.3|    1|\n",
      "|  AENA|2019-01-28|147.4000| 150.3000|154353| 22791608.85|147.4000|150.4000|146.5500|147.6590|        false| -2.9|    1|\n",
      "|  AENA|2019-01-29|147.7500| 147.4000|156812| 23219712.15|147.7500|149.3500|147.4500|148.0736|         true| 0.35|    1|\n",
      "+------+----------+--------+---------+------+------------+--------+--------+--------+--------+-------------+-----+-----+\n",
      "only showing top 20 rows\n",
      "\n"
     ]
    }
   ],
   "source": [
    "df = df.withColumn(\"Month\", F.month(df[\"Date\"]))\n",
    "df.show()"
   ]
  },
  {
   "cell_type": "code",
   "execution_count": 16,
   "id": "b69f259f-6a39-4dfc-8dcf-cfdb959204f9",
   "metadata": {},
   "outputs": [
    {
     "name": "stdout",
     "output_type": "stream",
     "text": [
      "+-----+---------+\n",
      "|Month|avg_close|\n",
      "+-----+---------+\n",
      "|    1|    21.25|\n",
      "|    8|    22.19|\n",
      "|    2|    22.24|\n",
      "|   10|    22.75|\n",
      "|    9|    22.77|\n",
      "|    3|    23.03|\n",
      "|    5|    23.12|\n",
      "|    7|    23.26|\n",
      "|    6|    23.34|\n",
      "|   11|    23.37|\n",
      "|   12|    23.42|\n",
      "|    4|    23.75|\n",
      "+-----+---------+\n",
      "\n"
     ]
    }
   ],
   "source": [
    "df.groupBy(\"Month\").agg(F.round(F.mean(\"Close\"), 2).alias(\"avg_close\")).orderBy(\"avg_close\", asecnding = False).show()"
   ]
  },
  {
   "cell_type": "code",
   "execution_count": 24,
   "id": "54682227-fe06-4829-9716-743aecaf8c0d",
   "metadata": {},
   "outputs": [
    {
     "name": "stdout",
     "output_type": "stream",
     "text": [
      "+-----+----------+\n",
      "|Month|total_diff|\n",
      "+-----+----------+\n",
      "|    1|     59.94|\n",
      "|    3|      33.2|\n",
      "|    4|     28.19|\n",
      "|    6|     27.49|\n",
      "|    2|     19.37|\n",
      "|   11|     17.46|\n",
      "|    9|     16.49|\n",
      "|   12|     12.54|\n",
      "|   10|      7.63|\n",
      "|    8|     -3.65|\n",
      "|    7|    -16.45|\n",
      "|    5|    -45.79|\n",
      "+-----+----------+\n",
      "\n"
     ]
    }
   ],
   "source": [
    "df.groupBy(\"Month\").agg(F.round(F.sum(\"Diff\"), 2).alias(\"total_diff\")).orderBy(\"total_diff\", ascending = False).show()"
   ]
  },
  {
   "cell_type": "code",
   "execution_count": 27,
   "id": "a10730f5-5827-4fe7-9d47-213d07c03121",
   "metadata": {},
   "outputs": [
    {
     "name": "stdout",
     "output_type": "stream",
     "text": [
      "+------+----------+-------+---------+--------+------------+-------+-------+-------+-------+-------------+-----+-----+\n",
      "|Ticker|      Date|  Close|Reference|  Volume|    Turnover|   Last|   High|    Low|Average|Aumento_valor| Diff|Month|\n",
      "+------+----------+-------+---------+--------+------------+-------+-------+-------+-------+-------------+-----+-----+\n",
      "|   REP|2019-01-02|14.2350|  14.0800|10003999|140210096.55|14.2350|14.3100|13.7850|14.0805|         true| 0.15|    1|\n",
      "|   REP|2019-01-03|14.2550|  14.2350|12814838|180613397.06|14.2550|14.3800|14.0250|14.2255|         true| 0.02|    1|\n",
      "|   REP|2019-01-04|14.5950|  14.2550| 7089672|103139023.91|14.5950|14.7050|14.3600|14.5892|         true| 0.34|    1|\n",
      "|   REP|2019-01-07|14.4750|  14.5950| 4409347| 63898025.48|14.4750|14.6950|14.3300|14.4915|        false|-0.12|    1|\n",
      "|   REP|2019-01-08|14.4900|  14.4750|12227338|177321179.12|14.4900|14.7900|14.4400|14.5760|         true| 0.02|    1|\n",
      "|   REP|2019-01-09|14.6950|  14.4900|11410241|166077803.01|14.6950|14.7450|14.4550|14.6345|         true| 0.21|    1|\n",
      "|   REP|2019-01-10|14.7750|  14.6950| 6329149| 93029889.45|14.7750|14.7950|14.5550|14.7318|         true| 0.08|    1|\n",
      "|   REP|2019-01-11|14.7500|  14.7750| 6035768| 88897565.02|14.7500|14.9000|14.6000|14.7426|        false|-0.03|    1|\n",
      "|   REP|2019-01-14|14.6700|  14.7500| 7463778|108740994.93|14.6700|14.7300|14.4550|14.6102|        false|-0.08|    1|\n",
      "|   REP|2019-01-15|14.6400|  14.6700|10911530|160211053.01|14.6400|14.8600|14.5200|14.6602|        false|-0.03|    1|\n",
      "|   REP|2019-01-16|14.6500|  14.6400| 7294675|106507800.53|14.6500|14.7300|14.5300|14.6229|         true| 0.01|    1|\n",
      "|   REP|2019-01-17|14.7550|  14.6500| 5463446| 80386013.30|14.7550|14.8150|14.5300|14.7335|         true| 0.11|    1|\n",
      "|   REP|2019-01-18|15.0000|  14.7550| 8525141|127522588.30|15.0000|15.1050|14.8000|14.9880|         true| 0.24|    1|\n",
      "|   REP|2019-01-21|14.8000|  15.0000| 6210469| 92378060.31|14.8000|15.0750|14.7550|14.8640|        false| -0.2|    1|\n",
      "|   REP|2019-01-22|14.8300|  14.8000| 5792284| 85795646.86|14.8300|14.9150|14.7350|14.8253|         true| 0.03|    1|\n",
      "|   REP|2019-01-23|14.7750|  14.8300| 5389615| 79810839.85|14.7750|14.9800|14.7400|14.8217|        false|-0.05|    1|\n",
      "|   REP|2019-01-24|15.0500|  14.7750| 6699989|100192420.30|15.0500|15.1000|14.7550|14.9887|         true| 0.28|    1|\n",
      "|   REP|2019-01-25|15.0450|  15.0500| 2958628| 44589204.52|15.0450|15.1850|15.0100|15.0696|        false|-0.01|    1|\n",
      "|   REP|2019-01-28|14.7700|  15.0450| 4737044| 70199508.71|14.7700|14.9900|14.7700|14.8287|        false|-0.28|    1|\n",
      "|   REP|2019-01-29|15.0100|  14.7700| 6561897| 97810093.74|15.0100|15.1150|14.6800|14.9752|         true| 0.24|    1|\n",
      "+------+----------+-------+---------+--------+------------+-------+-------+-------+-------+-------------+-----+-----+\n",
      "only showing top 20 rows\n",
      "\n",
      "+------+----------+--------+---------+------+------------+--------+--------+--------+--------+-------------+-----+-----+\n",
      "|Ticker|      Date|   Close|Reference|Volume|    Turnover|    Last|    High|     Low| Average|Aumento_valor| Diff|Month|\n",
      "+------+----------+--------+---------+------+------------+--------+--------+--------+--------+-------------+-----+-----+\n",
      "|  AENA|2019-01-02|137.0000| 135.7500|143458| 19591073.50|137.0000|138.0000|133.9500|136.5631|         true| 1.25|    1|\n",
      "|  AENA|2019-01-03|137.0500| 137.0000|461151| 63059756.45|137.0500|139.1500|136.4000|137.4490|         true| 0.05|    1|\n",
      "|  AENA|2019-01-04|140.5000| 137.0500|110214| 15444845.65|140.5000|140.9500|137.7000|140.1351|         true| 3.45|    1|\n",
      "|  AENA|2019-01-07|139.1500| 140.5000| 92663| 12908476.55|139.1500|141.1000|138.2000|139.3056|        false|-1.35|    1|\n",
      "|  AENA|2019-01-08|140.0000| 139.1500|179857| 25206724.88|140.0000|141.0500|138.8000|140.1306|         true| 0.85|    1|\n",
      "|  AENA|2019-01-09|138.5000| 140.0000|163959| 22859110.75|138.5000|141.6500|138.3500|138.8855|        false| -1.5|    1|\n",
      "|  AENA|2019-01-10|139.2500| 138.5000|181664| 25208702.51|139.2500|139.5000|137.5500|138.8824|         true| 0.75|    1|\n",
      "|  AENA|2019-01-11|139.4500| 139.2500|710391| 99120299.80|139.4500|139.9000|138.6500|139.3964|         true|  0.2|    1|\n",
      "|  AENA|2019-01-14|138.5000| 139.4500|117354| 16271021.15|138.5000|140.3500|138.3000|138.6491|        false|-0.95|    1|\n",
      "|  AENA|2019-01-15|138.9500| 138.5000|162627| 22603250.85|138.9500|140.2000|137.2000|138.7316|         true| 0.45|    1|\n",
      "|  AENA|2019-01-16|142.5000| 138.9500|172835| 24533145.35|142.5000|143.2000|139.7000|141.9455|         true| 3.55|    1|\n",
      "|  AENA|2019-01-17|141.3500| 142.5000|122321| 17286044.05|141.3500|141.8500|140.6000|141.3171|        false|-1.15|    1|\n",
      "|  AENA|2019-01-18|142.9000| 141.3500|241296| 34361646.68|142.9000|143.1000|141.7500|142.5277|         true| 1.55|    1|\n",
      "|  AENA|2019-01-21|144.7500| 142.9000|152491| 22040650.95|144.7500|146.4500|143.5500|144.9543|         true| 1.85|    1|\n",
      "|  AENA|2019-01-22|147.0500| 144.7500|790832|115048699.55|147.0500|147.1500|144.5000|146.4991|         true|  2.3|    1|\n",
      "|  AENA|2019-01-23|148.7500| 147.0500|182532| 27165238.65|148.7500|149.7500|145.9000|148.8158|         true|  1.7|    1|\n",
      "|  AENA|2019-01-24|150.6000| 148.7500|242387| 36383535.92|150.6000|150.7500|148.4000|150.1997|         true| 1.85|    1|\n",
      "|  AENA|2019-01-25|150.3000| 150.6000|202950| 30554547.10|150.3000|153.9500|148.8000|150.4125|        false| -0.3|    1|\n",
      "|  AENA|2019-01-28|147.4000| 150.3000|154353| 22791608.85|147.4000|150.4000|146.5500|147.6590|        false| -2.9|    1|\n",
